DSCF1013.JPG:[1282,1785,513,209,1],[1816,1669,563,292,2],[2411,1610,493,232,3],[1358,1902,504,259,4],[1892,1849,571,276,5],[2470,1825,549,274,6]
DSCF1015.JPG:[676,1431,1197,991,3],[2059,1030,1181,740,6]
DSCF1016.JPG:[1113,1875,1156,670,4],[2010,1362,1070,596,6],[2475,741,1005,731,3]
DSCF1017.JPG:
DSCF1021.JPG:
DSCF1023.JPG:
DSCF1025.JPG:[989,1605,1296,762,6]
DSCF1029.JPG:[161,1693,1289,742,6],[1555,1139,1134,877,2],[2579,888,1112,865,1]
DSCF1032.JPG:[162,1293,1048,497,5],[2372,1146,918,486,6]
DSCF1037.JPG:[1283,1804,1505,732,1]
DSCF1038.JPG:[1241,1777,1852,888,2]
DSCF1040.JPG:[557,1830,1060,611,2],[1455,1889,958,552,1],[2352,1861,806,530,4]
DSCF1042.JPG:[2035,1763,1098,567,5]
DSCF1044.JPG:[1515,1218,963,565,6]
DSCF1048.JPG:[519,1301,704,378,4],[1579,1239,675,379,5],[2553,1157,797,351,3]
DSCF1049.JPG:[537,1066,846,389,4],[1783,1256,778,400,5],[2836,1449,710,349,3]
DSCF1050.JPG:[482,844,845,456,5],[1819,838,809,414,3]
DSCF1053.JPG:[926,1633,1027,609,1],[2054,1527,1080,546,6]
DSCF1056.JPG:[507,994,1300,696,2],[1769,991,1241,694,6]
DSCF1059.JPG:[1221,1058,1172,717,2]
DSCF1061.JPG:[507,1678,1400,805,6],[1274,1250,1220,648,2]
DSCF1064.JPG:[2492,418,829,571,3],[620,786,931,650,2]
DSCF1065.JPG:[753,1130,896,384,5],[2197,912,766,344,1]
DSCF1066.JPG:[1026,1164,767,389,1],[2079,1135,700,391,5]
DSCF1068.JPG:[784,376,1354,538,5],[2515,1594,999,572,1]
DSCF1070.JPG:[1652,1497,1095,592,2],[1584,1072,895,531,6]
DSCF1072.JPG:[747,1265,942,567,3],[1954,1474,1047,569,2]
DSCF1074.JPG:[1132,1337,1766,1045,2]
DSCF1077.JPG:[349,1370,1113,677,6],[1787,1413,1166,677,1]
DSCF1081.JPG:[1535,1354,760,495,4]
DSCF1082.JPG:[1086,603,985,550,5],[2200,667,975,637,4]
DSCF1086.JPG:[815,1005,699,342,4],[1538,1035,675,351,2],[2254,1070,600,356,1],[2919,1080,618,429,3]
DSCF1088.JPG:[1285,539,789,515,5],[1347,1587,702,418,2]
DSCF1090.JPG:[1960,795,705,444,1]
DSCF1092.JPG:[458,1392,895,543,4],[1714,1573,898,546,5],[2512,1048,805,567,3]
DSCF1094.JPG:[1424,1129,1085,609,4]
DSCF1097.JPG:[1327,720,1174,731,5]
DSCF1099.JPG:[1169,652,1178,599,6]
DSCF1101.JPG:[1021,1102,952,516,2]
DSCF1103.JPG:[1522,561,743,401,6],[1215,1915,925,555,5]
DSCF1104.JPG:[1716,552,722,391,5],[1634,1860,801,500,1]
DSCF1105.JPG:[1132,1084,1357,853,2]
DSCF1106.JPG:[1224,1086,1230,720,2]
DSCF1109.JPG:[1136,969,1184,743,3]
DSCF1110.JPG:[763,830,1187,702,3],[1973,812,1206,712,1]
DSCF1111.JPG:[1910,914,1087,615,6],[697,918,1133,604,2]
DSCF1114.JPG:[1583,1240,1047,584,6]
DSCF1116.JPG:[1599,1533,1032,589,5]
DSCF1120.JPG:[1308,1301,1415,742,3]
DSCF1122.JPG:[1518,1030,1096,551,5]
DSCF1125.JPG:[1045,958,666,476,1],[1286,1412,843,567,6],[2491,1317,837,539,2]
DSCF1129.JPG:[1411,1805,829,582,6]
DSCF1130.JPG:[1567,1781,814,531,1]
DSCF1132.JPG:[2846,1027,489,306,1],[2326,1295,964,595,4],[245,1732,1494,769,5]
DSCF1133.JPG:[1397,1286,1181,885,1]
DSCF1135.JPG:[1898,1290,672,373,6]
DSCF1137.JPG:[1946,1193,896,547,2]
DSCF1140.JPG:[1787,650,794,340,6]
DSCF1141.JPG:[1806,717,865,323,2]
DSCF1142.JPG:[992,1296,977,477,2],[2105,1286,953,464,1]
